a	b	Carry	Sum
1101 1010	1000 0000	1	0101 1010
1111 1010	1000 0000	1	0111 1010
1101 1010	1000 0000	1	0101 1010
1100 1010	1000 0000	1	0101 1010
1100 1010	1000 0000	1	0100 1010
1100 0010	1000 0000	1	0100 1010
1100 0010	1000 0000	1	0100 0010
1100 0110	1000 0000	1	0100 0110
1100 0100	1000 0000	1	0100 0100
0100 0100	1000 0000	1	0100 0100
0100 0100	1000 0000	0	1100 0100
0100 0100	0000 0000	0	0100 0100
0100 0100	0000 1000	0	0100 0100
0100 0100	0000 1000	0	0100 1100
0100 0100	0000 1100	0	0101 0000
0100 0100	0010 1100	0	0111 0000
0100 0100	0000 1100	0	0101 0000
0100 0100	0000 1110	0	0101 0010
0100 0100	0000 1100	0	0101 0000
