A	B	Output(630,310)
000	00	0 0000
001	00	0 0000
000	00	0 0000
010	00	0 0000
110	00	0 0000
100	00	0 0000
000	00	0 0000
000	01	0 0000
000	11	0 0000
000	10	0 0000
000	00	0 0000
001	00	0 0000
001	01	0 0001
001	11	0 0011
001	10	0 0010
001	00	0 0000
001	10	0 0010
001	00	0 0000
001	01	0 0001
011	01	0 0011
001	01	0 0001
000	01	0 0000
010	01	0 0010
110	01	0 0110
100	01	0 0100
101	01	0 0100
101	01	0 0101
001	01	0 0001
011	01	0 0011
001	01	0 0001
101	01	0 0101
001	01	0 0001
101	01	0 0101
001	01	0 0001
011	01	0 0011
111	01	0 0111
101	01	0 0101
001	01	0 0001
000	01	0 0000
000	11	0 0000
001	11	0 0011
011	11	0 1001
011	10	0 0110
010	10	0 0100
110	10	0 1100
100	10	0 1000
110	10	0 1100
111	10	0 1110
111	11	1 0101
111	01	0 0111
111	00	0 0000
011	00	0 0000
001	00	0 0000
001	01	0 0001
001	11	0 0011
001	10	0 0010
011	10	0 0110
010	10	0 0100
110	10	0 1100
100	10	0 1000
100	11	0 1100
